0	0
1	0
2	0
3	0
4	0
5	0
6	0
7	0
8	0
9	0
10	0
11	0
12	0
13	0
14	0
15	0
16	0
17	0
18	0
19	0
20	0
21	0
22	0
23	0
24	0
25	0
26	0
27	0
28	0
29	0
30	0
31	0
32	0
33	0
34	0
35	0
36	0
37	0
38	0
39	0
40	1
41	1
42	1
43	0
44	2
45	1
46	0
47	2
48	0
49	0
50	0
51	1
52	0
53	0
54	1
55	5
56	1
57	2
58	1
59	0
60	1
61	1
62	1
63	2
64	4
65	2
66	3
67	1
68	4
69	2
70	4
71	1
72	2
73	4
74	4
75	5
76	5
77	4
78	7
79	3
80	10
81	13
82	1
83	3
84	3
85	3
86	2
87	5
88	2
89	1
90	0
91	1
92	3
93	0
94	0
95	5
96	3
97	1
98	2
99	1
100	4
101	3
102	1
103	2
104	1
105	4
106	1
107	1
108	1
109	2
110	2
111	2
112	4
113	4
114	3
115	4
116	5
117	4
118	8
119	7
120	16
121	16
122	16
123	20
124	19
125	17
126	15
127	23
128	24
129	25
130	14
131	13
132	11
133	6
134	8
135	5
136	6
137	1
138	2
139	2
140	3
141	0
142	2
143	2
144	1
145	5
146	0
147	1
148	4
149	2
150	3
151	1
152	1
153	2
154	1
155	1
156	1
157	0
158	3
159	2
160	0
161	2
162	1
163	3
164	1
165	1
166	1
167	1
168	0
169	0
170	1
171	0
172	1
173	0
174	1
175	0
176	0
177	0
178	1
179	1
180	1
181	1
182	1
183	2
184	4
185	1
186	2
187	3
188	0
189	1
190	3
191	10
192	3
193	6
194	6
195	4
196	4
197	4
198	2
199	2
200	1
201	1
202	2
203	0
204	0
205	1
206	0
207	3
208	2
209	0
210	0
211	0
212	1
213	0
214	1
215	0
216	0
217	0
218	0
219	0
220	0
221	1
222	0
223	0
224	1
225	0
226	0
227	1
228	0
229	0
230	1
231	0
232	0
233	1
234	0
235	0
236	1
237	0
238	0
239	0
240	1
241	0
242	0
243	0
244	1
245	0
246	0
247	0
248	0
249	0
250	1
251	0
252	0
253	0
254	0
255	0
256	0
257	0
258	1
259	0
260	0
261	0
262	1
263	0
264	1
265	0
266	0
267	1
268	0
269	0
270	1
271	0
272	0
273	0
274	1
275	0
276	0
277	0
278	0
279	0
280	0
281	0
282	1
283	0
284	2
285	0
286	1
287	0
288	0
289	0
290	0
291	1
292	0
293	0
294	3
295	0
296	2
297	0
298	1
299	1
300	1
301	0
302	0
303	0
304	2
305	0
306	0
307	0
308	0
309	0
310	1
311	0
312	0
313	1
314	0
315	0
316	1
317	0
318	0
319	1
320	0
321	1
322	0
323	0
324	0
325	1
326	2
327	0
328	1
329	2
330	0
331	0
332	1
333	0
334	0
335	0
336	0
337	0
338	1
339	0
340	0
341	0
342	0
343	2
344	0
345	1
346	1
347	3
348	1
349	0
350	2
351	0
352	1
353	0
354	0
355	0
356	0
357	0
358	1
359	3
360	2
361	0
362	0
363	1
364	2
365	2
366	1
367	2
368	0
369	1
370	0
371	2
372	1
373	1
374	1
375	0
376	3
377	3
378	4
379	2
380	0
381	1
382	1
383	1
384	0
385	0
386	0
387	1
388	0
389	0
390	0
391	1
392	2
393	3
394	2
395	2
396	1
397	3
398	1
399	0
400	1
401	2
402	0
403	1
404	1
405	1
406	1
407	1
408	1
409	0
410	2
411	1
412	2
413	0
414	1
415	2
416	3
417	3
418	1
419	3
420	2
421	2
422	2
423	2
424	2
425	1
426	0
427	2
428	1
429	0
430	5
431	2
432	1
433	1
434	1
435	0
436	2
437	2
438	2
439	2
440	6
441	4
442	3
443	0
444	2
445	4
446	3
447	1
448	5
449	5
450	5
451	6
452	4
453	8
454	4
455	4
456	2
457	5
458	4
459	11
460	8
461	7
462	5
463	4
464	4
465	5
466	9
467	12
468	5
469	12
470	10
471	7
472	10
473	17
474	7
475	5
476	11
477	10
478	6
479	9
480	8
481	12
482	11
483	13
484	10
485	15
486	13
487	16
488	28
489	31
490	32
491	43
492	68
493	85
494	97
495	121
496	132
497	147
498	151
499	169
500	182
501	166
502	176
503	162
504	104
505	100
506	63
507	47
508	26
509	6
510	9
511	4
512	11
513	4
514	4
515	4
516	4
517	2
518	3
519	1
520	0
521	3
522	0
523	0
524	3
525	3
526	3
527	2
528	3
529	0
530	2
531	2
532	2
533	2
534	4
535	3
536	0
537	3
538	2
539	2
540	3
541	0
542	8
543	4
544	1
545	3
546	3
547	1
548	2
549	0
550	3
551	1
552	5
553	7
554	3
555	2
556	3
557	4
558	6
559	4
560	20
561	26
562	17
563	31
564	34
565	26
566	38
567	51
568	38
569	33
570	18
571	20
572	8
573	9
574	8
575	4
576	11
577	16
578	8
579	9
580	13
581	8
582	9
583	6
584	5
585	5
586	6
587	2
588	2
589	0
590	1
591	1
592	0
593	0
594	1
595	1
596	1
597	0
598	0
599	0
600	0
601	0
602	2
603	0
604	0
605	0
606	0
607	0
608	0
609	1
610	0
611	1
612	1
613	0
614	1
615	0
616	0
617	0
618	0
619	0
620	0
621	0
622	1
623	1
624	1
625	0
626	1
627	0
628	0
629	0
630	1
631	1
632	0
633	1
634	0
635	0
636	0
637	0
638	0
639	0
640	4
641	0
642	0
643	0
644	0
645	0
646	0
647	2
648	0
649	0
650	0
651	0
652	0
653	0
654	0
655	0
656	0
657	1
658	0
659	1
660	0
661	0
662	0
663	0
664	1
665	0
666	0
667	0
668	1
669	1
670	1
671	0
672	0
673	2
674	0
675	0
676	0
677	0
678	0
679	1
680	1
681	2
682	0
683	2
684	0
685	0
686	1
687	0
688	1
689	1
690	0
691	0
692	0
693	0
694	1
695	1
696	0
697	0
698	1
699	0
700	0
701	2
702	1
703	0
704	0
705	0
706	0
707	0
708	0
709	0
710	0
711	0
712	1
713	0
714	1
715	0
716	0
717	1
718	4
719	0
720	0
721	0
722	1
723	0
724	0
725	0
726	0
727	1
728	0
729	0
730	1
731	0
732	1
733	0
734	0
735	0
736	0
737	1
738	0
739	0
740	2
741	0
742	0
743	1
744	1
745	0
746	0
747	0
748	1
749	0
750	2
751	1
752	0
753	0
754	0
755	2
756	0
757	1
758	0
759	1
760	0
761	1
762	0
763	0
764	1
765	0
766	0
767	2
768	2
769	1
770	0
771	0
772	0
773	1
774	0
775	0
776	0
777	0
778	0
779	0
780	0
781	0
782	0
783	0
784	1
785	0
786	1
787	1
788	0
789	0
790	0
791	0
792	0
793	0
794	1
795	1
796	0
797	0
798	0
799	0
800	0
801	1
802	2
803	1
804	1
805	0
806	0
807	2
808	0
809	2
810	0
811	1
812	0
813	0
814	1
815	0
816	1
817	0
818	0
819	0
820	2
821	0
822	0
823	0
824	0
825	0
826	3
827	1
828	0
829	2
830	0
831	0
832	0
833	2
834	1
835	0
836	2
837	2
838	1
839	1
840	2
841	2
842	0
843	1
844	0
845	3
846	2
847	1
848	1
849	1
850	1
851	2
852	0
853	3
854	5
855	3
856	3
857	1
858	5
859	6
860	3
861	4
862	4
863	4
864	4
865	2
866	2
867	2
868	1
869	0
870	1
871	0
872	4
873	0
874	0
875	0
876	0
877	0
878	0
879	0
880	0
881	0
882	3
883	0
884	1
885	0
886	1
887	0
888	2
889	0
890	0
891	1
892	3
893	0
894	0
895	1
896	0
897	0
898	1
899	0
900	0
901	0
902	0
903	0
904	0
905	1
906	2
907	0
908	1
909	1
910	1
911	2
912	1
913	2
914	1
915	2
916	0
917	2
918	0
919	0
920	0
921	1
922	1
923	2
924	0
925	0
926	1
927	0
928	0
929	3
930	2
931	1
932	0
933	3
934	3
935	3
936	2
937	4
938	3
939	0
940	0
941	2
942	0
943	1
944	0
945	0
946	0
947	2
948	0
949	1
950	0
951	2
952	0
953	0
954	0
955	0
956	2
957	0
958	0
959	0
960	0
961	0
962	0
963	0
964	2
965	0
966	1
967	1
968	1
969	1
970	0
971	1
972	0
973	0
974	0
975	3
976	0
977	0
978	0
979	0
980	1
981	0
982	1
983	1
984	0
985	1
986	3
987	1
988	0
989	0
990	0
991	0
992	1
993	2
994	0
995	1
996	0
997	1
998	1
999	0
1000	1
1001	0
1002	1
1003	2
1004	2
1005	0
1006	2
1007	0
1008	1
1009	1
1010	0
1011	0
1012	0
1013	0
1014	1
1015	0
1016	1
1017	1
1018	1
1019	1
1020	2
1021	2
1022	2
1023	0
1024	0
1025	0
1026	1
1027	0
1028	0
1029	0
1030	1
1031	1
1032	2
1033	0
1034	0
1035	3
1036	0
1037	0
1038	2
1039	3
1040	0
1041	2
1042	1
1043	0
1044	1
1045	1
1046	3
1047	0
1048	0
1049	1
1050	0
1051	0
1052	2
1053	2
1054	2
1055	1
1056	1
1057	2
1058	1
1059	3
1060	2
1061	0
1062	1
1063	0
1064	2
1065	0
1066	0
1067	0
1068	1
1069	0
1070	0
1071	0
1072	0
1073	0
1074	1
1075	3
1076	0
1077	2
1078	1
1079	1
1080	0
1081	3
1082	1
1083	0
1084	0
1085	0
1086	0
1087	0
1088	2
1089	1
1090	0
1091	0
1092	2
1093	0
1094	0
1095	1
1096	0
1097	1
1098	0
1099	0
1100	0
1101	0
1102	3
1103	2
1104	1
1105	0
1106	2
1107	1
1108	1
1109	0
1110	1
1111	3
1112	1
1113	3
1114	0
1115	3
1116	0
1117	2
1118	0
1119	0
1120	1
1121	0
1122	0
1123	2
1124	1
1125	1
1126	2
1127	0
1128	1
1129	1
1130	0
1131	1
1132	1
1133	2
1134	0
1135	1
1136	2
1137	0
1138	0
1139	1
1140	2
1141	2
1142	0
1143	0
1144	1
1145	2
1146	1
1147	2
1148	3
1149	2
1150	0
1151	2
1152	1
1153	1
1154	0
1155	1
1156	0
1157	0
1158	0
1159	0
1160	1
1161	2
1162	0
1163	1
1164	1
1165	1
1166	2
1167	2
1168	0
1169	0
1170	0
1171	0
1172	0
1173	1
1174	0
1175	0
1176	1
1177	1
1178	1
1179	1
1180	0
1181	1
1182	0
1183	0
1184	1
1185	0
1186	0
1187	2
1188	1
1189	0
1190	5
1191	1
1192	2
1193	0
1194	1
1195	3
1196	0
1197	3
1198	3
1199	0
1200	1
1201	2
1202	1
1203	1
1204	1
1205	1
1206	0
1207	1
1208	3
1209	0
1210	2
1211	0
1212	1
1213	1
1214	1
1215	1
1216	0
1217	4
1218	2
1219	3
1220	0
1221	2
1222	1
1223	4
1224	0
1225	2
1226	2
1227	2
1228	1
1229	0
1230	2
1231	2
1232	0
1233	1
1234	3
1235	0
1236	4
1237	0
1238	2
1239	3
1240	1
1241	2
1242	1
1243	3
1244	2
1245	2
1246	6
1247	6
1248	5
1249	0
1250	0
1251	3
1252	2
1253	4
1254	2
1255	8
1256	2
1257	2
1258	2
1259	4
1260	11
1261	5
1262	8
1263	6
1264	10
1265	7
1266	2
1267	6
1268	4
1269	3
1270	8
1271	3
1272	8
1273	10
1274	8
1275	2
1276	10
1277	9
1278	5
1279	15
1280	8
1281	8
1282	9
1283	7
1284	9
1285	5
1286	11
1287	12
1288	3
1289	13
1290	10
1291	18
1292	8
1293	13
1294	11
1295	12
1296	14
1297	17
1298	21
1299	17
1300	18
1301	22
1302	24
1303	29
1304	18
1305	31
1306	34
1307	26
1308	34
1309	31
1310	25
1311	22
1312	15
1313	21
1314	11
1315	4
1316	5
1317	4
1318	3
1319	1
1320	1
1321	0
1322	1
1323	0
1324	0
1325	0
1326	0
1327	0
1328	0
1329	0
1330	0
1331	0
1332	0
1333	0
1334	0
1335	0
1336	1
1337	0
1338	0
1339	0
1340	0
1341	1
1342	0
1343	0
1344	1
1345	0
1346	0
1347	0
1348	0
1349	1
1350	0
1351	0
1352	0
1353	0
1354	0
1355	0
1356	0
1357	0
1358	0
1359	0
1360	0
1361	0
1362	0
1363	0
1364	0
1365	0
1366	0
1367	0
1368	0
1369	0
1370	0
1371	0
1372	0
1373	1
1374	0
1375	0
1376	0
1377	0
1378	0
1379	0
1380	1
1381	0
1382	0
1383	0
1384	0
1385	1
1386	0
1387	0
1388	0
1389	0
1390	0
1391	0
1392	1
1393	0
1394	0
1395	0
1396	0
1397	0
1398	0
1399	0
1400	0
1401	0
1402	0
1403	0
1404	0
1405	0
1406	0
1407	0
1408	1
1409	0
1410	0
1411	0
1412	0
1413	0
1414	0
1415	0
1416	0
1417	0
1418	0
1419	1
1420	0
1421	0
1422	0
1423	0
1424	0
1425	0
1426	1
1427	0
1428	0
1429	0
1430	1
1431	0
1432	0
1433	0
1434	0
1435	0
1436	0
1437	1
1438	0
1439	1
1440	1
1441	0
1442	0
1443	0
1444	0
1445	0
1446	0
1447	0
1448	0
1449	0
1450	0
1451	1
1452	0
1453	0
1454	0
1455	0
1456	0
1457	0
1458	0
1459	0
1460	0
1461	0
1462	2
1463	0
1464	0
1465	0
1466	0
1467	0
1468	0
1469	0
1470	0
1471	0
1472	0
1473	0
1474	0
1475	0
1476	1
1477	0
1478	0
1479	0
1480	0
1481	0
1482	0
1483	0
1484	1
1485	0
1486	0
1487	0
1488	0
1489	0
1490	0
1491	0
1492	1
1493	1
1494	0
1495	0
1496	0
1497	0
1498	0
1499	0
1500	0
1501	0
1502	0
1503	0
1504	0
1505	1
1506	0
1507	0
1508	0
1509	0
1510	1
1511	0
1512	0
1513	0
1514	0
1515	0
1516	0
1517	0
1518	0
1519	0
1520	0
1521	0
1522	0
1523	0
1524	0
1525	0
1526	1
1527	0
1528	0
1529	0
1530	0
1531	0
1532	1
1533	0
1534	0
1535	1
1536	0
1537	0
1538	0
1539	0
1540	0
1541	0
1542	0
1543	0
1544	0
1545	1
1546	0
1547	0
1548	0
1549	1
1550	0
1551	0
1552	0
1553	0
1554	0
1555	0
1556	0
1557	0
1558	0
1559	0
1560	0
1561	0
1562	1
1563	0
1564	0
1565	0
1566	0
1567	0
1568	0
1569	0
1570	0
1571	0
1572	0
1573	0
1574	0
1575	0
1576	0
1577	0
1578	0
1579	0
1580	0
1581	0
1582	0
1583	0
1584	0
1585	1
1586	0
1587	0
1588	0
1589	0
1590	1
1591	0
1592	1
1593	1
1594	0
1595	0
1596	1
1597	0
1598	0
1599	0
1600	0
1601	0
1602	0
1603	0
1604	0
1605	0
1606	0
1607	0
1608	0
1609	0
1610	0
1611	0
1612	0
1613	0
1614	0
1615	0
1616	0
1617	0
1618	0
1619	1
1620	0
1621	0
1622	0
1623	0
1624	0
1625	0
1626	0
1627	1
1628	0
1629	0
1630	0
1631	0
1632	0
1633	0
1634	0
1635	0
1636	0
1637	0
1638	0
1639	0
1640	0
1641	0
1642	0
1643	0
1644	0
1645	0
1646	1
1647	0
1648	0
1649	0
1650	0
1651	1
1652	0
1653	0
1654	1
1655	1
1656	0
1657	0
1658	0
1659	0
1660	0
1661	0
1662	0
1663	0
1664	0
1665	0
1666	0
1667	0
1668	0
1669	0
1670	0
1671	0
1672	0
1673	0
1674	0
1675	2
1676	0
1677	1
1678	1
1679	0
1680	0
1681	1
1682	2
1683	0
1684	0
1685	0
1686	0
1687	0
1688	0
1689	0
1690	0
1691	0
1692	0
1693	1
1694	0
1695	0
1696	0
1697	0
1698	0
1699	0
1700	0
1701	0
1702	0
1703	0
1704	0
1705	0
1706	0
1707	0
1708	0
1709	0
1710	0
1711	0
1712	0
1713	0
1714	0
1715	0
1716	1
1717	0
1718	0
1719	0
1720	0
1721	0
1722	0
1723	0
1724	0
1725	0
1726	0
1727	0
1728	0
1729	0
1730	0
1731	0
1732	0
1733	0
1734	1
1735	0
1736	0
1737	0
1738	0
1739	0
1740	0
1741	0
1742	0
1743	0
1744	0
1745	0
1746	0
1747	0
1748	0
1749	0
1750	0
1751	0
1752	0
1753	0
1754	0
1755	0
1756	2
1757	0
1758	0
1759	0
1760	0
1761	0
1762	0
1763	0
1764	0
1765	0
1766	0
1767	0
1768	0
1769	0
1770	0
1771	0
1772	0
1773	0
1774	0
1775	0
1776	0
1777	0
1778	0
1779	0
1780	0
1781	0
1782	0
1783	0
1784	1
1785	0
1786	1
1787	0
1788	0
1789	0
1790	0
1791	0
1792	0
1793	0
1794	0
1795	0
1796	1
1797	0
1798	0
1799	1
1800	0
1801	0
1802	0
1803	0
1804	0
1805	0
1806	0
1807	0
1808	0
1809	0
1810	0
1811	0
1812	0
1813	0
1814	0
1815	0
1816	0
1817	0
1818	0
1819	0
1820	0
1821	0
1822	0
1823	0
1824	0
1825	0
1826	0
1827	0
1828	1
1829	0
1830	0
1831	0
1832	0
1833	0
1834	0
1835	0
1836	0
1837	0
1838	0
1839	0
1840	0
1841	0
1842	0
1843	0
1844	0
1845	0
1846	0
1847	0
1848	0
1849	0
1850	0
1851	0
1852	0
1853	0
1854	0
1855	0
1856	0
1857	0
1858	0
1859	0
1860	0
1861	0
1862	0
1863	0
1864	0
1865	0
1866	0
1867	1
1868	0
1869	0
1870	0
1871	1
1872	1
1873	0
1874	0
1875	0
1876	1
1877	0
1878	0
1879	0
1880	1
1881	0
1882	0
1883	0
1884	1
1885	0
1886	0
1887	1
1888	0
1889	0
1890	1
1891	0
1892	0
1893	0
1894	0
1895	0
1896	0
1897	0
1898	0
1899	0
1900	0
1901	0
1902	0
1903	0
1904	0
1905	0
1906	0
1907	0
1908	0
1909	0
1910	0
1911	0
1912	1
1913	0
1914	0
1915	0
1916	1
1917	1
1918	0
1919	0
1920	0
1921	0
1922	0
1923	0
1924	1
1925	0
1926	0
1927	0
1928	0
1929	0
1930	0
1931	0
1932	0
1933	0
1934	0
1935	0
1936	0
1937	0
1938	0
1939	0
1940	0
1941	0
1942	0
1943	0
1944	0
1945	0
1946	0
1947	0
1948	0
1949	0
1950	0
1951	0
1952	0
1953	0
1954	0
1955	0
1956	1
1957	0
1958	0
1959	0
1960	0
1961	0
1962	0
1963	0
1964	0
1965	0
1966	0
1967	1
1968	0
1969	1
1970	0
1971	1
1972	0
1973	1
1974	0
1975	0
1976	0
1977	0
1978	1
1979	1
1980	0
1981	1
1982	0
1983	0
1984	0
1985	0
1986	0
1987	0
1988	0
1989	1
1990	0
1991	0
1992	0
1993	0
1994	0
1995	1
1996	0
1997	0
1998	0
1999	0
2000	1
2001	0
2002	0
2003	0
2004	0
2005	0
2006	0
2007	0
2008	0
2009	0
2010	0
2011	0
2012	0
2013	0
2014	0
2015	0
2016	0
2017	0
2018	0
2019	0
2020	0
2021	0
2022	1
2023	0
2024	0
2025	0
2026	0
2027	0
2028	0
2029	0
2030	0
2031	0
2032	0
2033	0
2034	0
2035	1
2036	0
2037	0
2038	0
2039	0
2040	0
2041	0
2042	1
2043	1
2044	0
2045	0
2046	0
2047	0
