0	0
1	0
2	0
3	0
4	0
5	0
6	0
7	0
8	0
9	0
10	0
11	0
12	0
13	0
14	0
15	0
16	0
17	0
18	0
19	0
20	0
21	0
22	0
23	0
24	0
25	0
26	0
27	0
28	0
29	0
30	0
31	0
32	0
33	0
34	0
35	0
36	0
37	0
38	0
39	0
40	1
41	3
42	0
43	0
44	1
45	1
46	0
47	2
48	1
49	1
50	1
51	1
52	1
53	2
54	1
55	0
56	2
57	2
58	3
59	1
60	0
61	1
62	1
63	2
64	2
65	6
66	5
67	2
68	3
69	4
70	3
71	0
72	5
73	3
74	5
75	5
76	5
77	2
78	7
79	8
80	8
81	8
82	9
83	7
84	4
85	4
86	2
87	0
88	2
89	0
90	1
91	1
92	2
93	4
94	4
95	3
96	1
97	1
98	1
99	3
100	1
101	1
102	1
103	2
104	3
105	2
106	4
107	2
108	1
109	2
110	3
111	4
112	3
113	2
114	0
115	0
116	4
117	8
118	5
119	6
120	17
121	13
122	21
123	27
124	32
125	26
126	33
127	26
128	36
129	32
130	19
131	28
132	14
133	18
134	7
135	7
136	1
137	5
138	3
139	0
140	0
141	2
142	2
143	1
144	6
145	2
146	6
147	4
148	1
149	3
150	1
151	1
152	0
153	0
154	1
155	0
156	1
157	1
158	2
159	0
160	0
161	0
162	0
163	0
164	2
165	1
166	0
167	0
168	0
169	1
170	0
171	0
172	1
173	0
174	0
175	1
176	1
177	0
178	0
179	0
180	1
181	1
182	0
183	1
184	0
185	0
186	1
187	2
188	3
189	3
190	3
191	5
192	5
193	6
194	8
195	13
196	7
197	3
198	2
199	1
200	1
201	3
202	1
203	0
204	0
205	1
206	1
207	2
208	4
209	3
210	1
211	0
212	1
213	1
214	0
215	0
216	0
217	0
218	1
219	0
220	0
221	0
222	0
223	0
224	0
225	0
226	0
227	2
228	1
229	0
230	0
231	1
232	0
233	0
234	0
235	0
236	0
237	0
238	1
239	1
240	0
241	0
242	0
243	0
244	0
245	0
246	0
247	1
248	0
249	1
250	0
251	1
252	2
253	1
254	1
255	1
256	0
257	3
258	1
259	0
260	1
261	1
262	0
263	1
264	0
265	1
266	2
267	0
268	1
269	0
270	0
271	1
272	0
273	1
274	0
275	0
276	0
277	1
278	0
279	2
280	0
281	0
282	0
283	0
284	0
285	0
286	0
287	1
288	0
289	0
290	0
291	0
292	0
293	1
294	2
295	0
296	1
297	0
298	0
299	1
300	0
301	0
302	1
303	1
304	1
305	0
306	0
307	0
308	2
309	0
310	0
311	2
312	1
313	1
314	0
315	0
316	0
317	0
318	0
319	2
320	1
321	1
322	0
323	1
324	1
325	1
326	3
327	1
328	0
329	0
330	0
331	0
332	0
333	0
334	0
335	0
336	2
337	0
338	0
339	1
340	0
341	1
342	0
343	0
344	1
345	0
346	1
347	0
348	1
349	0
350	0
351	0
352	0
353	1
354	0
355	2
356	0
357	0
358	1
359	0
360	2
361	3
362	0
363	1
364	0
365	1
366	0
367	1
368	0
369	0
370	0
371	1
372	2
373	1
374	0
375	2
376	1
377	1
378	2
379	0
380	0
381	2
382	1
383	0
384	1
385	3
386	0
387	2
388	0
389	0
390	1
391	2
392	0
393	0
394	3
395	0
396	1
397	0
398	3
399	0
400	1
401	1
402	4
403	3
404	1
405	0
406	1
407	1
408	2
409	1
410	3
411	2
412	2
413	2
414	1
415	1
416	1
417	3
418	1
419	1
420	1
421	1
422	3
423	1
424	1
425	2
426	2
427	2
428	4
429	1
430	4
431	1
432	1
433	2
434	9
435	4
436	0
437	4
438	2
439	4
440	8
441	5
442	2
443	2
444	4
445	3
446	6
447	7
448	3
449	5
450	4
451	8
452	4
453	5
454	5
455	7
456	11
457	10
458	8
459	11
460	7
461	5
462	5
463	10
464	12
465	12
466	12
467	6
468	12
469	11
470	5
471	12
472	12
473	12
474	7
475	14
476	5
477	15
478	14
479	6
480	13
481	9
482	13
483	13
484	15
485	22
486	21
487	28
488	31
489	27
490	52
491	70
492	95
493	108
494	134
495	156
496	156
497	186
498	219
499	227
500	250
501	200
502	203
503	174
504	144
505	103
506	79
507	53
508	37
509	21
510	14
511	4
512	2
513	7
514	3
515	2
516	2
517	1
518	3
519	2
520	5
521	2
522	3
523	3
524	1
525	2
526	0
527	4
528	2
529	1
530	2
531	3
532	1
533	2
534	1
535	4
536	2
537	2
538	2
539	2
540	5
541	1
542	1
543	3
544	2
545	2
546	4
547	1
548	2
549	0
550	2
551	3
552	3
553	1
554	7
555	4
556	2
557	12
558	11
559	10
560	16
561	25
562	26
563	38
564	35
565	50
566	45
567	47
568	46
569	35
570	29
571	18
572	16
573	9
574	7
575	10
576	9
577	13
578	18
579	12
580	15
581	13
582	9
583	10
584	11
585	8
586	3
587	3
588	0
589	1
590	1
591	1
592	0
593	0
594	1
595	0
596	0
597	0
598	0
599	0
600	0
601	0
602	0
603	0
604	0
605	0
606	0
607	0
608	1
609	0
610	0
611	0
612	0
613	0
614	1
615	0
616	0
617	0
618	0
619	1
620	0
621	0
622	0
623	1
624	0
625	0
626	1
627	0
628	0
629	1
630	0
631	0
632	0
633	0
634	0
635	0
636	0
637	0
638	0
639	0
640	0
641	1
642	1
643	0
644	0
645	0
646	0
647	0
648	0
649	0
650	0
651	0
652	0
653	0
654	0
655	0
656	0
657	0
658	0
659	0
660	0
661	0
662	0
663	0
664	0
665	0
666	0
667	0
668	0
669	1
670	1
671	1
672	1
673	0
674	0
675	1
676	0
677	1
678	2
679	0
680	1
681	1
682	0
683	0
684	0
685	0
686	0
687	1
688	0
689	0
690	2
691	0
692	0
693	0
694	1
695	0
696	0
697	0
698	0
699	1
700	1
701	0
702	0
703	0
704	0
705	0
706	0
707	0
708	1
709	0
710	1
711	0
712	0
713	0
714	1
715	0
716	0
717	1
718	0
719	1
720	0
721	0
722	0
723	0
724	1
725	0
726	1
727	1
728	0
729	0
730	0
731	0
732	1
733	0
734	0
735	1
736	1
737	0
738	0
739	0
740	0
741	0
742	0
743	0
744	0
745	0
746	0
747	1
748	0
749	0
750	1
751	0
752	0
753	1
754	0
755	0
756	0
757	0
758	0
759	0
760	0
761	0
762	1
763	0
764	0
765	0
766	0
767	1
768	0
769	0
770	0
771	0
772	0
773	0
774	0
775	1
776	0
777	0
778	0
779	0
780	0
781	0
782	0
783	1
784	0
785	0
786	0
787	0
788	1
789	0
790	2
791	0
792	0
793	0
794	0
795	0
796	1
797	0
798	0
799	0
800	0
801	0
802	0
803	0
804	2
805	2
806	1
807	0
808	0
809	1
810	1
811	0
812	0
813	0
814	1
815	0
816	0
817	0
818	2
819	0
820	0
821	0
822	1
823	0
824	0
825	2
826	2
827	0
828	0
829	0
830	1
831	1
832	0
833	0
834	2
835	0
836	0
837	1
838	0
839	2
840	0
841	3
842	0
843	0
844	1
845	3
846	1
847	0
848	2
849	2
850	1
851	3
852	6
853	3
854	0
855	5
856	5
857	0
858	8
859	3
860	5
861	6
862	6
863	4
864	8
865	5
866	1
867	1
868	4
869	0
870	4
871	0
872	2
873	3
874	0
875	0
876	0
877	1
878	1
879	1
880	0
881	0
882	0
883	4
884	1
885	1
886	1
887	1
888	1
889	1
890	1
891	0
892	1
893	1
894	1
895	0
896	2
897	0
898	0
899	0
900	0
901	0
902	0
903	1
904	1
905	0
906	0
907	0
908	0
909	1
910	0
911	0
912	0
913	1
914	0
915	0
916	0
917	0
918	0
919	0
920	0
921	1
922	0
923	0
924	0
925	1
926	3
927	0
928	0
929	1
930	1
931	1
932	5
933	1
934	3
935	0
936	5
937	1
938	3
939	0
940	1
941	0
942	1
943	0
944	1
945	0
946	1
947	1
948	0
949	0
950	0
951	0
952	0
953	0
954	1
955	1
956	1
957	0
958	0
959	0
960	1
961	0
962	0
963	0
964	1
965	0
966	1
967	0
968	0
969	0
970	0
971	2
972	1
973	1
974	0
975	2
976	0
977	0
978	1
979	0
980	1
981	0
982	1
983	1
984	0
985	2
986	1
987	0
988	1
989	3
990	0
991	0
992	0
993	2
994	0
995	1
996	0
997	2
998	0
999	1
1000	1
1001	1
1002	0
1003	1
1004	0
1005	1
1006	0
1007	0
1008	2
1009	1
1010	0
1011	1
1012	0
1013	2
1014	0
1015	0
1016	2
1017	0
1018	1
1019	0
1020	1
1021	1
1022	0
1023	0
1024	0
1025	3
1026	1
1027	0
1028	3
1029	0
1030	2
1031	3
1032	1
1033	0
1034	0
1035	0
1036	0
1037	0
1038	1
1039	0
1040	1
1041	0
1042	0
1043	2
1044	2
1045	3
1046	0
1047	0
1048	0
1049	1
1050	1
1051	0
1052	2
1053	1
1054	0
1055	0
1056	1
1057	0
1058	0
1059	0
1060	1
1061	0
1062	1
1063	1
1064	3
1065	1
1066	0
1067	0
1068	0
1069	2
1070	0
1071	0
1072	1
1073	2
1074	0
1075	1
1076	1
1077	1
1078	0
1079	2
1080	0
1081	0
1082	1
1083	1
1084	1
1085	2
1086	0
1087	2
1088	1
1089	0
1090	0
1091	1
1092	0
1093	0
1094	3
1095	1
1096	0
1097	0
1098	0
1099	2
1100	1
1101	0
1102	2
1103	1
1104	0
1105	1
1106	0
1107	0
1108	1
1109	0
1110	1
1111	0
1112	0
1113	0
1114	2
1115	0
1116	0
1117	1
1118	2
1119	0
1120	0
1121	1
1122	1
1123	2
1124	1
1125	0
1126	0
1127	1
1128	2
1129	0
1130	0
1131	1
1132	0
1133	2
1134	0
1135	1
1136	0
1137	1
1138	1
1139	0
1140	3
1141	1
1142	2
1143	0
1144	1
1145	0
1146	0
1147	0
1148	1
1149	1
1150	0
1151	0
1152	2
1153	0
1154	1
1155	0
1156	0
1157	0
1158	0
1159	1
1160	2
1161	1
1162	1
1163	1
1164	0
1165	0
1166	4
1167	0
1168	1
1169	0
1170	0
1171	1
1172	2
1173	1
1174	1
1175	3
1176	3
1177	0
1178	0
1179	3
1180	0
1181	2
1182	1
1183	0
1184	0
1185	0
1186	0
1187	1
1188	3
1189	2
1190	2
1191	1
1192	0
1193	1
1194	1
1195	3
1196	0
1197	0
1198	0
1199	2
1200	5
1201	6
1202	2
1203	1
1204	2
1205	2
1206	1
1207	0
1208	0
1209	1
1210	1
1211	2
1212	2
1213	1
1214	1
1215	1
1216	0
1217	2
1218	1
1219	1
1220	0
1221	0
1222	1
1223	3
1224	5
1225	1
1226	5
1227	3
1228	2
1229	0
1230	4
1231	2
1232	0
1233	0
1234	2
1235	2
1236	5
1237	3
1238	2
1239	1
1240	4
1241	3
1242	2
1243	2
1244	2
1245	4
1246	3
1247	3
1248	6
1249	2
1250	2
1251	2
1252	2
1253	5
1254	4
1255	4
1256	8
1257	3
1258	2
1259	7
1260	2
1261	4
1262	4
1263	3
1264	2
1265	3
1266	7
1267	2
1268	5
1269	7
1270	6
1271	8
1272	3
1273	7
1274	9
1275	8
1276	9
1277	10
1278	4
1279	6
1280	15
1281	13
1282	10
1283	17
1284	11
1285	13
1286	13
1287	4
1288	14
1289	13
1290	11
1291	8
1292	11
1293	11
1294	14
1295	13
1296	15
1297	11
1298	19
1299	15
1300	23
1301	22
1302	24
1303	23
1304	26
1305	32
1306	24
1307	37
1308	26
1309	39
1310	20
1311	28
1312	19
1313	17
1314	8
1315	12
1316	7
1317	1
1318	1
1319	0
1320	3
1321	1
1322	0
1323	0
1324	0
1325	0
1326	0
1327	0
1328	1
1329	0
1330	0
1331	0
1332	0
1333	0
1334	0
1335	0
1336	0
1337	0
1338	1
1339	0
1340	1
1341	0
1342	0
1343	1
1344	0
1345	0
1346	0
1347	0
1348	0
1349	0
1350	0
1351	0
1352	1
1353	0
1354	0
1355	0
1356	0
1357	0
1358	1
1359	2
1360	0
1361	0
1362	0
1363	0
1364	0
1365	0
1366	0
1367	0
1368	0
1369	0
1370	0
1371	0
1372	0
1373	1
1374	0
1375	0
1376	0
1377	0
1378	0
1379	0
1380	0
1381	1
1382	1
1383	1
1384	0
1385	0
1386	0
1387	0
1388	0
1389	0
1390	0
1391	0
1392	0
1393	0
1394	0
1395	0
1396	0
1397	1
1398	1
1399	0
1400	0
1401	0
1402	0
1403	0
1404	0
1405	0
1406	0
1407	0
1408	0
1409	0
1410	0
1411	0
1412	1
1413	0
1414	0
1415	1
1416	0
1417	0
1418	0
1419	0
1420	1
1421	0
1422	0
1423	1
1424	1
1425	2
1426	0
1427	0
1428	0
1429	0
1430	0
1431	0
1432	0
1433	1
1434	0
1435	0
1436	0
1437	0
1438	0
1439	0
1440	0
1441	0
1442	0
1443	0
1444	1
1445	0
1446	1
1447	0
1448	0
1449	0
1450	0
1451	0
1452	1
1453	0
1454	0
1455	0
1456	0
1457	0
1458	0
1459	0
1460	0
1461	0
1462	0
1463	0
1464	0
1465	0
1466	0
1467	0
1468	0
1469	0
1470	0
1471	0
1472	0
1473	0
1474	0
1475	0
1476	0
1477	0
1478	0
1479	0
1480	0
1481	0
1482	0
1483	0
1484	0
1485	0
1486	0
1487	0
1488	0
1489	0
1490	1
1491	0
1492	0
1493	0
1494	0
1495	0
1496	0
1497	0
1498	1
1499	0
1500	1
1501	0
1502	0
1503	0
1504	0
1505	0
1506	0
1507	0
1508	0
1509	0
1510	1
1511	0
1512	0
1513	0
1514	0
1515	0
1516	0
1517	1
1518	0
1519	0
1520	0
1521	0
1522	0
1523	0
1524	0
1525	0
1526	1
1527	0
1528	0
1529	0
1530	0
1531	0
1532	1
1533	0
1534	0
1535	0
1536	0
1537	0
1538	0
1539	0
1540	0
1541	0
1542	0
1543	0
1544	1
1545	0
1546	0
1547	0
1548	0
1549	0
1550	0
1551	0
1552	0
1553	0
1554	0
1555	0
1556	0
1557	0
1558	0
1559	0
1560	0
1561	0
1562	1
1563	0
1564	0
1565	0
1566	0
1567	0
1568	0
1569	0
1570	0
1571	0
1572	2
1573	0
1574	0
1575	0
1576	0
1577	1
1578	0
1579	0
1580	0
1581	0
1582	0
1583	1
1584	1
1585	0
1586	0
1587	0
1588	0
1589	0
1590	0
1591	1
1592	0
1593	0
1594	0
1595	0
1596	0
1597	0
1598	0
1599	0
1600	0
1601	0
1602	0
1603	0
1604	0
1605	0
1606	1
1607	0
1608	0
1609	2
1610	0
1611	0
1612	0
1613	0
1614	1
1615	2
1616	0
1617	0
1618	0
1619	0
1620	0
1621	0
1622	0
1623	0
1624	0
1625	0
1626	0
1627	0
1628	0
1629	0
1630	0
1631	0
1632	0
1633	0
1634	0
1635	0
1636	0
1637	0
1638	0
1639	1
1640	0
1641	0
1642	0
1643	1
1644	0
1645	0
1646	1
1647	0
1648	0
1649	0
1650	0
1651	0
1652	0
1653	0
1654	0
1655	0
1656	0
1657	0
1658	1
1659	0
1660	0
1661	0
1662	0
1663	0
1664	0
1665	0
1666	0
1667	0
1668	1
1669	0
1670	0
1671	0
1672	0
1673	0
1674	0
1675	1
1676	0
1677	0
1678	0
1679	0
1680	0
1681	0
1682	0
1683	0
1684	0
1685	1
1686	0
1687	0
1688	0
1689	0
1690	0
1691	0
1692	0
1693	1
1694	0
1695	0
1696	0
1697	0
1698	0
1699	0
1700	1
1701	0
1702	0
1703	0
1704	0
1705	0
1706	0
1707	0
1708	0
1709	0
1710	0
1711	0
1712	0
1713	0
1714	0
1715	0
1716	0
1717	0
1718	0
1719	0
1720	0
1721	1
1722	0
1723	0
1724	0
1725	0
1726	0
1727	0
1728	0
1729	0
1730	0
1731	0
1732	0
1733	0
1734	0
1735	0
1736	1
1737	0
1738	1
1739	0
1740	0
1741	0
1742	0
1743	0
1744	0
1745	0
1746	0
1747	0
1748	1
1749	0
1750	0
1751	0
1752	0
1753	0
1754	0
1755	0
1756	0
1757	0
1758	0
1759	0
1760	0
1761	0
1762	0
1763	0
1764	0
1765	0
1766	0
1767	0
1768	0
1769	0
1770	0
1771	0
1772	1
1773	0
1774	0
1775	1
1776	1
1777	0
1778	0
1779	0
1780	0
1781	0
1782	0
1783	0
1784	0
1785	0
1786	0
1787	0
1788	0
1789	0
1790	0
1791	0
1792	0
1793	0
1794	0
1795	0
1796	0
1797	1
1798	0
1799	0
1800	0
1801	0
1802	0
1803	0
1804	1
1805	0
1806	1
1807	0
1808	0
1809	1
1810	0
1811	0
1812	0
1813	0
1814	0
1815	0
1816	0
1817	0
1818	0
1819	0
1820	0
1821	0
1822	1
1823	0
1824	0
1825	0
1826	1
1827	0
1828	0
1829	2
1830	2
1831	0
1832	0
1833	1
1834	0
1835	0
1836	0
1837	0
1838	0
1839	0
1840	1
1841	0
1842	0
1843	0
1844	0
1845	0
1846	0
1847	0
1848	0
1849	1
1850	0
1851	1
1852	0
1853	0
1854	0
1855	1
1856	0
1857	0
1858	1
1859	0
1860	1
1861	0
1862	0
1863	0
1864	0
1865	0
1866	1
1867	0
1868	0
1869	0
1870	0
1871	1
1872	0
1873	0
1874	0
1875	0
1876	0
1877	1
1878	0
1879	1
1880	0
1881	0
1882	0
1883	0
1884	1
1885	0
1886	0
1887	0
1888	0
1889	1
1890	0
1891	0
1892	0
1893	0
1894	0
1895	0
1896	0
1897	1
1898	0
1899	0
1900	0
1901	0
1902	0
1903	0
1904	0
1905	1
1906	0
1907	0
1908	0
1909	0
1910	2
1911	0
1912	0
1913	0
1914	0
1915	0
1916	0
1917	0
1918	0
1919	0
1920	0
1921	0
1922	0
1923	0
1924	0
1925	0
1926	0
1927	0
1928	0
1929	0
1930	0
1931	0
1932	0
1933	0
1934	0
1935	0
1936	0
1937	0
1938	0
1939	0
1940	0
1941	0
1942	0
1943	0
1944	0
1945	0
1946	0
1947	0
1948	0
1949	0
1950	1
1951	0
1952	0
1953	0
1954	0
1955	0
1956	0
1957	0
1958	0
1959	0
1960	1
1961	0
1962	0
1963	1
1964	1
1965	0
1966	0
1967	0
1968	0
1969	0
1970	0
1971	0
1972	0
1973	0
1974	0
1975	0
1976	1
1977	0
1978	0
1979	0
1980	0
1981	0
1982	0
1983	0
1984	0
1985	0
1986	1
1987	0
1988	1
1989	0
1990	0
1991	0
1992	0
1993	0
1994	0
1995	0
1996	0
1997	1
1998	0
1999	0
2000	0
2001	0
2002	0
2003	0
2004	0
2005	0
2006	1
2007	0
2008	0
2009	0
2010	0
2011	0
2012	0
2013	0
2014	0
2015	0
2016	0
2017	0
2018	0
2019	0
2020	1
2021	0
2022	0
2023	0
2024	0
2025	0
2026	0
2027	0
2028	0
2029	0
2030	0
2031	0
2032	0
2033	0
2034	0
2035	0
2036	0
2037	0
2038	0
2039	1
2040	0
2041	0
2042	0
2043	0
2044	0
2045	0
2046	0
2047	0
